2.53 0.00000
2.54 0.00000
2.55 0.00000
2.56 0.00000
2.57 0.00000
2.58 0.00000
2.59 0.00000
2.60 0.00000
2.61 0.00000
2.62 0.00000
2.63 0.00000
2.64 0.00000
2.65 0.00000
2.66 0.00000
2.67 0.00000
2.68 0.00000
2.69 0.00000
2.70 0.00000
2.71 0.00000
2.72 0.00000
2.73 0.00000
2.74 0.00000
2.75 0.00000
2.76 0.00000
2.77 0.00000
2.78 0.00000
2.79 0.00000
2.80 0.00000
2.81 0.00000
2.82 0.00000
2.83 0.00000
2.84 0.00000
2.85 0.00000
2.86 0.00000
2.87 0.00000
2.88 0.00000
2.89 0.00000
2.90 0.00000
2.91 0.00000
2.92 0.00000
2.93 0.00000
2.94 0.00000
2.95 0.00000
2.96 0.00000
2.97 0.00000
2.98 0.43633
2.99 0.00000
3.00 0.00000
3.01 0.00000
3.02 0.00000
3.03 0.00000
3.04 -0.43633
3.05 0.00000
3.06 0.00000
3.07 0.00000
3.08 0.00000
3.09 0.00000
3.10 0.00000
3.11 0.00000
3.12 0.00000
3.13 0.00000
3.14 0.00000
3.15 0.00000
3.16 0.00000
3.17 0.00000
3.18 0.00000
3.19 0.00000
3.20 0.43633
3.21 0.00000
3.22 0.00000
3.23 0.00000
3.24 0.00000
3.25 0.00000
3.26 -0.43633
3.27 0.00000
3.28 0.00000
3.29 0.00000
3.30 0.00000
3.31 0.00000
3.32 0.00000
3.33 0.00000
3.34 0.00000
3.35 0.00000
3.36 0.00000
3.37 0.00000
3.38 0.00000
3.39 0.00000
3.40 0.00000
3.41 0.00000
3.42 0.00000
3.43 0.00000
3.44 0.00000
3.45 0.00000
3.46 0.00000
3.47 0.00000
3.48 0.00000
3.49 0.00000
3.50 0.00000
3.51 0.00000
3.52 0.00000
3.53 0.00000
3.54 0.00000
3.55 0.00000
3.56 0.00000
3.57 0.00000
3.58 0.00000
3.59 0.00000
3.60 0.00000
3.61 0.00000
3.62 0.00000
3.63 0.00000
3.64 0.43633
3.65 0.00000
3.66 0.00000
3.67 0.00000
3.68 0.00000
3.69 0.00000
3.70 0.00000
3.71 0.00000
3.72 -0.43633
3.73 0.00000
3.74 0.00000
3.75 0.00000
3.76 0.00000
3.77 0.00000
3.78 0.00000
3.79 0.00000
3.80 0.00000
3.81 0.00000
3.82 0.00000
3.83 0.00000
3.84 0.00000
3.85 0.00000
3.86 0.00000
3.87 0.00000
3.88 0.00000
3.89 0.43633
3.90 0.00000
3.91 0.00000
3.92 -0.43633
3.93 0.00000
3.94 0.00000
3.95 0.00000
3.96 0.00000
3.97 0.00000
3.98 0.00000
3.99 0.00000
4.00 0.00000
4.01 0.00000
4.02 0.00000
4.03 0.00000
4.04 0.00000
4.05 0.00000
4.06 0.00000
4.07 0.00000
4.08 0.00000
4.09 0.00000
4.10 0.00000
4.11 0.00000
4.12 0.00000
4.13 0.00000
4.14 0.00000
4.15 0.00000
4.16 0.00000
4.17 0.00000
4.18 0.00000
4.19 0.00000
4.20 0.00000
4.21 0.00000
4.22 0.00000
4.23 0.00000
4.24 0.00000
4.25 0.00000
4.26 0.00000
4.27 0.00000
4.28 0.00000
4.29 0.00000
4.30 0.00000
4.31 0.00000
4.32 0.00000
4.33 0.00000
4.34 0.00000
4.35 0.00000
4.36 0.00000
4.37 0.00000
4.38 0.00000
4.39 0.00000
4.40 0.00000
4.41 0.00000
4.42 0.00000
4.43 0.00000
4.44 0.00000
4.45 0.00000
4.46 0.00000
4.47 0.00000
4.48 0.00000
4.49 0.00000
4.50 0.00000
4.51 0.00000
4.52 0.00000
4.53 0.00000
4.54 0.00000
4.55 0.00000
4.56 0.00000
4.57 0.00000
4.58 0.00000
4.59 0.00000
4.60 0.00000
4.61 0.00000
4.62 0.00000
4.63 0.00000
4.64 0.00000
4.65 0.00000
4.66 0.00000
4.67 0.00000
4.68 0.00000
4.69 0.00000
4.70 0.00000
4.71 0.00000
4.72 0.00000
4.73 0.00000
4.74 0.00000
4.75 0.00000
4.76 0.00000
4.77 4.79966
4.78 12.21730
4.79 15.27163
4.80 15.27163
4.81 15.70796
4.82 15.27163
4.83 15.70796
4.84 15.27163
4.85 15.27163
4.86 15.27163
4.87 15.27163
4.88 15.27163
4.89 14.83530
4.90 15.27163
4.91 15.27163
4.92 15.27163
4.93 14.83530
4.94 15.27163
4.95 14.83530
4.96 14.83530
4.97 14.83530
4.98 15.27163
4.99 14.83530
5.00 14.83530
5.01 15.27163
5.02 14.83530
5.03 14.83530
5.04 14.83530
5.05 14.83530
5.06 14.83530
5.07 14.83530
5.08 14.83530
5.09 14.83530
5.10 14.39897
5.11 14.83530
5.12 14.39897
5.13 14.83530
5.14 14.39897
5.15 14.39897
5.16 14.39897
5.17 14.39897
5.18 14.39897
5.19 14.39897
5.20 13.96263
5.21 14.39897
5.22 14.39897
5.23 14.39897
5.24 13.96263
5.25 13.96263
5.26 14.39897
5.27 13.96263
5.28 14.39897
5.29 13.96263
5.30 13.96263
5.31 13.96263
5.32 13.96263
5.33 13.96263
5.34 14.39897
5.35 13.96263
5.36 13.96263
5.37 13.96263
5.38 13.96263
5.39 13.96263
5.40 13.96263
5.41 13.96263
5.42 13.96263
5.43 13.96263
5.44 13.52630
5.45 13.96263
5.46 13.96263
5.47 13.52630
5.48 13.96263
5.49 13.52630
5.50 13.96263
5.51 13.52630
5.52 13.96263
5.53 13.52630
5.54 13.52630
5.55 13.52630
5.56 13.52630
5.57 13.52630
5.58 13.52630
5.59 13.52630
5.60 13.52630
5.61 13.08997
5.62 13.52630
5.63 13.52630
5.64 13.08997
5.65 13.08997
5.66 13.52630
5.67 13.08997
5.68 13.08997
5.69 13.08997
5.70 13.52630
5.71 13.08997
5.72 13.08997
5.73 13.08997
5.74 13.08997
5.75 13.08997
5.76 13.08997
5.77 12.65364
5.78 13.08997
5.79 13.08997
5.80 12.65364
5.81 12.65364
5.82 13.08997
5.83 12.65364
5.84 13.08997
5.85 12.65364
5.86 13.08997
5.87 12.65364
5.88 13.08997
5.89 12.65364
5.90 12.65364
5.91 12.65364
5.92 13.08997
5.93 12.65364
5.94 12.65364
5.95 12.65364
5.96 12.65364
5.97 12.65364
5.98 12.21730
5.99 12.65364
6.00 12.65364
6.01 12.65364
6.02 12.21730
6.03 12.65364
6.04 12.21730
6.05 12.65364
6.06 12.21730
6.07 12.21730
6.08 12.21730
6.09 12.65364
6.10 12.21730
6.11 12.21730
6.12 11.78097
6.13 12.21730
6.14 12.21730
6.15 12.21730
6.16 11.78097
6.17 12.21730
6.18 12.21730
6.19 11.78097
6.20 12.21730
6.21 11.78097
6.22 12.21730
6.23 11.78097
6.24 11.78097
6.25 12.21730
6.26 11.78097
6.27 11.78097
6.28 11.78097
6.29 11.78097
6.30 11.78097
6.31 11.78097
6.32 11.78097
6.33 11.78097
6.34 11.78097
6.35 11.78097
6.36 11.78097
6.37 11.78097
6.38 11.34464
6.39 11.78097
6.40 11.78097
6.41 11.34464
6.42 11.78097
6.43 11.34464
6.44 11.34464
6.45 11.78097
6.46 11.34464
6.47 11.34464
6.48 11.34464
6.49 11.34464
6.50 11.78097
6.51 10.90831
6.52 10.90831
6.53 10.90831
6.54 11.34464
6.55 11.34464
6.56 11.34464
6.57 10.90831
6.58 11.34464
6.59 10.90831
6.60 11.34464
6.61 10.90831
6.62 10.90831
6.63 10.90831
6.64 10.90831
6.65 10.90831
6.66 10.90831
6.67 10.90831
6.68 10.90831
6.69 10.47198
6.70 10.90831
6.71 10.90831
6.72 10.90831
6.73 10.47198
6.74 10.90831
6.75 10.90831
6.76 10.47198
6.77 10.90831
6.78 10.47198
6.79 10.90831
6.80 10.47198
6.81 10.90831
6.82 10.47198
6.83 10.90831
6.84 10.47198
6.85 10.47198
6.86 10.90831
6.87 10.47198
6.88 10.47198
6.89 10.47198
6.90 10.47198
6.91 10.47198
6.92 10.47198
6.93 10.47198
6.94 10.47198
6.95 10.47198
6.96 10.47198
6.97 10.47198
6.98 10.03564
6.99 10.47198
7.00 10.47198
7.01 10.03564
7.02 10.47198
7.03 10.03564
7.04 10.47198
7.05 10.03564
7.06 10.47198
7.07 10.03564
7.08 10.03564
7.09 10.03564
7.10 10.03564
7.11 10.47198
7.12 10.03564
7.13 10.03564
7.14 9.59931
7.15 10.03564
7.16 10.03564
7.17 10.03564
7.18 9.59931
7.19 10.03564
7.20 9.59931
7.21 10.03564
7.22 9.59931
7.23 10.03564
7.24 9.59931
7.25 9.59931
7.26 9.59931
7.27 9.59931
7.28 9.59931
7.29 9.59931
7.30 9.59931
7.31 9.59931
7.32 9.59931
7.33 9.59931
7.34 9.16298
7.35 9.59931
7.36 9.59931
7.37 9.16298
7.38 9.59931
7.39 9.59931
7.40 9.16298
7.41 9.59931
7.42 9.16298
7.43 9.59931
7.44 9.16298
7.45 9.16298
7.46 9.59931
7.47 9.16298
7.48 9.16298
7.49 9.59931
7.50 9.16298
7.51 9.16298
7.52 9.16298
7.53 9.16298
7.54 9.16298
7.55 9.16298
7.56 9.16298
7.57 9.16298
7.58 9.16298
7.59 9.16298
7.60 9.16298
7.61 8.72665
7.62 9.16298
7.63 9.16298
7.64 8.72665
7.65 9.16298
7.66 8.72665
7.67 9.16298
7.68 8.72665
7.69 9.16298
7.70 8.72665
7.71 9.16298
7.72 8.72665
7.73 8.72665
7.74 8.72665
7.75 8.72665
7.76 8.72665
7.77 8.72665
7.78 8.72665
7.79 8.72665
7.80 8.72665
7.81 8.72665
7.82 8.29031
7.83 8.72665
7.84 8.72665
7.85 8.29031
7.86 8.72665
7.87 8.29031
7.88 8.29031
7.89 8.29031
7.90 8.72665
7.91 8.29031
7.92 8.29031
7.93 8.29031
7.94 8.29031
7.95 7.85398
7.96 8.29031
7.97 8.29031
7.98 8.29031
7.99 7.85398
8.00 8.29031
8.01 8.29031
8.02 7.85398
8.03 8.29031
8.04 7.85398
8.05 8.29031
8.06 7.85398
8.07 7.85398
8.08 8.29031
8.09 7.85398
8.10 7.85398
8.11 7.85398
8.12 8.29031
8.13 7.85398
8.14 7.85398
8.15 7.85398
8.16 7.85398
8.17 7.85398
8.18 7.85398
8.19 7.85398
8.20 7.85398
8.21 7.85398
8.22 7.85398
8.23 7.85398
8.24 7.85398
8.25 7.85398
8.26 7.85398
8.27 7.41765
8.28 7.85398
8.29 7.85398
8.30 7.85398
8.31 7.41765
8.32 7.85398
8.33 7.41765
8.34 7.85398
8.35 7.85398
8.36 7.41765
8.37 7.41765
8.38 7.85398
8.39 7.41765
8.40 7.85398
8.41 7.41765
8.42 7.41765
8.43 7.41765
8.44 7.85398
8.45 7.41765
8.46 7.41765
8.47 7.41765
8.48 7.41765
8.49 7.41765
8.50 7.41765
8.51 7.41765
8.52 7.41765
8.53 6.98132
8.54 7.41765
8.55 7.41765
8.56 6.98132
8.57 7.41765
8.58 7.41765
8.59 6.98132
8.60 6.98132
8.61 7.41765
8.62 6.98132
8.63 6.98132
8.64 7.41765
8.65 6.98132
8.66 6.98132
8.67 6.98132
8.68 6.98132
8.69 6.98132
8.70 6.54498
8.71 6.98132
8.72 6.98132
8.73 6.54498
8.74 6.98132
8.75 6.98132
8.76 6.54498
8.77 6.54498
8.78 6.98132
8.79 6.54498
8.80 6.54498
8.81 6.54498
8.82 6.98132
8.83 6.54498
8.84 6.54498
8.85 6.54498
8.86 6.54498
8.87 6.10865
8.88 6.54498
8.89 6.54498
8.90 6.54498
8.91 6.54498
8.92 6.10865
8.93 6.54498
8.94 6.54498
8.95 6.10865
8.96 6.54498
8.97 6.10865
8.98 6.54498
8.99 6.10865
9.00 6.54498
9.01 6.10865
9.02 6.54498
9.03 6.10865
9.04 6.54498
9.05 6.10865
9.06 6.10865
9.07 6.54498
9.08 6.10865
9.09 6.10865
9.10 6.10865
9.11 6.10865
9.12 6.54498
9.13 6.10865
9.14 6.10865
9.15 6.10865
9.16 6.10865
9.17 6.10865
9.18 6.10865
9.19 6.10865
9.20 6.10865
9.21 6.10865
9.22 6.10865
9.23 5.67232
9.24 6.10865
9.25 6.10865
9.26 6.10865
9.27 6.10865
9.28 5.67232
9.29 6.10865
9.30 6.10865
9.31 5.67232
9.32 6.10865
9.33 5.67232
9.34 6.10865
9.35 5.67232
9.36 6.10865
9.37 5.67232
9.38 6.10865
9.39 5.67232
9.40 5.67232
9.41 6.10865
9.42 5.67232
9.43 5.67232
9.44 5.67232
9.45 5.67232
9.46 6.10865
9.47 5.67232
9.48 5.67232
9.49 5.67232
9.50 5.67232
9.51 5.23599
9.52 5.67232
9.53 5.67232
9.54 5.67232
9.55 5.67232
9.56 5.23599
9.57 5.67232
9.58 5.23599
9.59 5.67232
9.60 5.23599
9.61 5.67232
9.62 5.23599
9.63 5.23599
9.64 5.67232
9.65 5.23599
9.66 5.23599
9.67 5.23599
9.68 5.23599
9.69 5.23599
9.70 5.23599
9.71 5.23599
9.72 5.23599
9.73 4.79966
9.74 5.23599
9.75 5.23599
9.76 4.79966
9.77 5.23599
9.78 4.79966
9.79 5.23599
9.80 4.79966
9.81 4.79966
9.82 4.79966
9.83 4.79966
9.84 5.23599
9.85 4.79966
9.86 4.79966
9.87 4.79966
9.88 4.79966
9.89 4.36332
9.90 4.79966
9.91 4.79966
9.92 4.79966
9.93 4.36332
9.94 4.79966
9.95 4.79966
9.96 4.36332
9.97 4.79966
9.98 4.36332
9.99 4.79966
10.00 4.36332
10.01 4.36332
10.02 4.79966
10.03 4.36332
10.04 4.36332
10.05 4.79966
10.06 4.36332
10.07 4.36332
10.08 4.36332
10.09 4.36332
10.10 4.36332
10.11 4.79966
10.12 4.36332
10.13 4.36332
10.14 4.36332
10.15 4.36332
10.16 4.36332
10.17 4.36332
10.18 4.36332
10.19 4.36332
10.20 4.36332
10.21 3.92699
10.22 4.36332
10.23 4.36332
10.24 4.36332
10.25 4.36332
10.26 4.36332
10.27 3.92699
10.28 4.36332
10.29 4.36332
10.30 4.36332
10.31 3.92699
10.32 4.36332
10.33 3.92699
10.34 4.36332
10.35 4.36332
10.36 3.92699
10.37 4.36332
10.38 3.92699
10.39 4.36332
10.40 3.92699
10.41 4.36332
10.42 3.92699
10.43 4.36332
10.44 3.92699
10.45 4.36332
10.46 3.92699
10.47 3.92699
10.48 4.36332
10.49 3.92699
10.50 3.92699
10.51 4.36332
10.52 3.92699
10.53 3.92699
10.54 3.92699
10.55 3.92699
10.56 3.92699
10.57 4.36332
10.58 3.92699
10.59 3.92699
10.60 3.92699
10.61 3.92699
10.62 3.92699
10.63 3.92699
10.64 3.49066
10.65 3.92699
10.66 3.92699
10.67 3.92699
10.68 3.92699
10.69 3.49066
10.70 3.92699
10.71 3.92699
10.72 3.49066
10.73 3.49066
10.74 3.92699
10.75 3.49066
10.76 3.92699
10.77 3.49066
10.78 3.49066
10.79 3.92699
10.80 3.49066
10.81 3.49066
10.82 3.92699
10.83 3.49066
10.84 3.49066
10.85 3.49066
10.86 3.49066
10.87 3.49066
10.88 3.49066
10.89 3.49066
10.90 3.49066
10.91 3.49066
10.92 3.49066
10.93 3.05433
10.94 3.49066
10.95 3.49066
10.96 3.05433
10.97 3.49066
10.98 3.49066
10.99 3.05433
11.00 3.49066
11.01 3.05433
11.02 3.05433
11.03 3.49066
11.04 3.05433
11.05 3.05433
11.06 3.49066
11.07 3.05433
11.08 3.05433
11.09 3.05433
11.10 3.05433
11.11 3.05433
11.12 3.05433
11.13 3.05433
11.14 3.05433
11.15 3.05433
11.16 2.61799
11.17 3.05433
11.18 3.05433
11.19 2.61799
11.20 3.05433
11.21 2.61799
11.22 2.61799
11.23 3.05433
11.24 2.61799
11.25 2.61799
11.26 3.05433
11.27 2.61799
11.28 2.61799
11.29 2.61799
11.30 2.61799
11.31 2.61799
11.32 2.18166
11.33 2.61799
11.34 2.61799
11.35 2.61799
11.36 2.18166
11.37 2.61799
11.38 2.18166
11.39 2.61799
11.40 2.61799
11.41 2.18166
11.42 2.18166
11.43 2.18166
11.44 2.61799
11.45 2.18166
11.46 2.18166
11.47 2.18166
11.48 2.18166
11.49 2.18166
11.50 2.18166
11.51 1.74533
11.52 2.18166
11.53 2.18166
11.54 2.18166
11.55 1.74533
11.56 2.18166
11.57 1.74533
11.58 2.18166
11.59 1.74533
11.60 1.74533
11.61 2.18166
11.62 1.74533
11.63 1.74533
11.64 1.74533
11.65 2.18166
11.66 1.74533
11.67 1.74533
11.68 1.74533
11.69 1.74533
11.70 1.74533
11.71 1.30900
11.72 1.74533
11.73 1.74533
11.74 1.74533
11.75 1.30900
11.76 1.74533
11.77 1.74533
11.78 1.30900
11.79 1.74533
11.80 1.30900
11.81 1.74533
11.82 1.30900
11.83 1.74533
11.84 1.30900
11.85 1.30900
11.86 1.74533
11.87 1.30900
11.88 1.30900
11.89 1.30900
11.90 1.30900
11.91 1.30900
11.92 1.30900
11.93 1.74533
11.94 1.30900
11.95 0.87266
11.96 1.30900
11.97 1.30900
11.98 1.30900
11.99 1.30900
12.00 1.30900
12.01 1.30900
12.02 0.87266
12.03 1.30900
12.04 1.30900
12.05 1.30900
12.06 0.87266
12.07 1.30900
12.08 0.87266
12.09 1.30900
12.10 1.30900
12.11 0.87266
12.12 1.30900
12.13 0.87266
12.14 0.87266
12.15 1.30900
12.16 0.87266
12.17 1.30900
12.18 0.87266
12.19 0.87266
12.20 1.30900
12.21 0.87266
12.22 0.87266
12.23 0.87266
12.24 1.30900
12.25 0.87266
12.26 0.87266
12.27 0.87266
12.28 0.87266
12.29 0.87266
12.30 0.87266
12.31 1.30900
12.32 0.87266
12.33 0.87266
12.34 0.87266
12.35 0.87266
12.36 0.87266
12.37 0.87266
12.38 0.87266
12.39 0.87266
12.40 0.43633
12.41 0.87266
12.42 0.87266
12.43 0.87266
12.44 0.87266
12.45 0.87266
12.46 0.87266
12.47 0.43633
12.48 0.87266
12.49 0.87266
12.50 0.87266
12.51 0.43633
12.52 0.87266
12.53 0.87266
12.54 0.43633
12.55 0.87266
12.56 0.87266
12.57 0.87266
12.58 0.43633
12.59 0.87266
12.60 0.43633
12.61 0.87266
12.62 0.87266
12.63 0.43633
12.64 0.87266
12.65 0.43633
12.66 0.87266
12.67 0.43633
12.68 0.87266
12.69 0.43633
12.70 0.87266
12.71 0.43633
12.72 0.87266
12.73 0.43633
12.74 0.43633
12.75 0.87266
12.76 0.43633
12.77 0.87266
12.78 0.43633
12.79 0.43633
12.80 0.87266
12.81 0.43633
12.82 0.43633
12.83 0.87266
12.84 0.43633
12.85 0.43633
12.86 0.87266
12.87 0.43633
12.88 0.43633
12.89 0.43633
12.90 0.87266
12.91 0.43633
12.92 0.43633
12.93 0.43633
12.94 0.87266
12.95 0.43633
12.96 0.43633
12.97 0.43633
12.98 0.43633
12.99 0.43633
13.00 0.87266
13.01 0.43633
13.02 0.43633
13.03 0.43633
13.04 0.43633
13.05 0.43633
13.06 0.43633
13.07 0.43633
13.08 0.43633
13.09 0.43633
13.10 0.43633
13.11 0.43633
13.12 0.87266
13.13 0.00000
13.14 0.43633
13.15 0.43633
13.16 0.87266
13.17 0.00000
13.18 0.43633
13.19 0.43633
13.20 0.43633
13.21 0.43633
13.22 0.43633
13.23 0.43633
13.24 0.43633
13.25 0.43633
13.26 0.43633
13.27 0.43633
13.28 0.00000
13.29 0.43633
13.30 0.43633
13.31 0.43633
13.32 0.43633
13.33 0.43633
13.34 0.00000
13.35 0.43633
13.36 0.43633
13.37 0.43633
13.38 0.00000
13.39 0.43633
13.40 0.43633
13.41 0.43633
13.42 0.00000
13.43 0.43633
13.44 0.43633
13.45 0.00000
13.46 0.43633
13.47 0.43633
13.48 0.00000
13.49 0.43633
13.50 0.43633
13.51 0.00000
13.52 0.43633
13.53 0.43633
13.54 0.00000
13.55 0.43633
13.56 0.00000
13.57 0.43633
13.58 0.00000
13.59 0.43633
13.60 0.43633
13.61 0.00000
13.62 0.43633
13.63 0.00000
13.64 0.43633
13.65 0.00000
13.66 0.43633
13.67 0.00000
13.68 0.43633
13.69 0.00000
13.70 0.00000
13.71 0.43633
13.72 0.00000
13.73 0.43633
13.74 0.00000
13.75 0.43633
13.76 0.00000
13.77 0.00000
13.78 0.43633
13.79 0.00000
13.80 0.43633
13.81 0.00000
13.82 0.00000
13.83 0.43633
13.84 0.00000
13.85 0.00000
13.86 0.43633
13.87 0.00000
13.88 0.00000
13.89 0.43633
13.90 0.00000
13.91 0.00000
13.92 0.00000
13.93 0.43633
13.94 0.00000
13.95 0.00000
13.96 0.00000
13.97 0.00000
13.98 0.43633
13.99 0.00000
14.00 0.00000
14.01 0.00000
14.02 0.00000
14.03 0.43633
14.04 0.00000
14.05 0.00000
14.06 0.00000
14.07 0.00000
14.08 0.00000
14.09 0.00000
14.10 0.43633
14.11 0.00000
14.12 0.00000
14.13 0.00000
14.14 0.00000
14.15 0.00000
14.16 0.00000
14.17 0.00000
14.18 0.00000
14.19 0.00000
14.20 0.00000
14.21 0.00000
14.22 0.00000
14.23 0.00000
14.24 0.00000
14.25 0.00000
14.26 0.00000
14.27 0.00000
14.28 0.00000
14.29 0.00000
14.30 0.00000
14.31 0.00000
14.32 0.00000
14.33 0.00000
14.34 0.00000
14.35 0.00000
14.36 0.00000
14.37 0.00000
14.38 0.00000
14.39 0.00000
14.40 0.00000
14.41 0.00000
14.42 0.00000
14.43 0.00000
14.44 0.00000
14.45 0.00000
14.46 0.00000
14.47 0.00000
14.48 0.00000
14.49 0.00000
14.50 0.00000
14.51 0.00000
14.52 0.00000
14.53 4.36332
14.54 7.41765
14.55 7.41765
14.56 7.41765
14.57 7.41765
14.58 6.98132
14.59 7.41765
14.60 7.41765
14.61 7.41765
14.62 7.41765
14.63 7.41765
14.64 7.41765
14.65 6.98132
14.66 7.41765
14.67 7.41765
14.68 6.98132
14.69 7.41765
14.70 7.41765
14.71 6.98132
14.72 7.41765
14.73 6.98132
14.74 7.41765
14.75 6.98132
14.76 7.41765
14.77 6.98132
14.78 6.98132
14.79 7.41765
14.80 6.98132
14.81 6.98132
14.82 6.98132
14.83 6.98132
14.84 7.41765
14.85 6.98132
14.86 6.98132
14.87 6.98132
14.88 6.98132
14.89 6.98132
14.90 6.54498
14.91 6.98132
14.92 6.98132
14.93 6.98132
14.94 6.98132
14.95 6.54498
14.96 6.98132
14.97 6.54498
14.98 6.98132
14.99 6.54498
15.00 6.98132
15.01 6.54498
15.02 6.54498
15.03 6.98132
15.04 6.54498
15.05 6.54498
15.06 6.54498
15.07 6.54498
15.08 6.54498
15.09 6.10865
15.10 6.54498
15.11 6.54498
15.12 6.54498
15.13 6.10865
15.14 6.54498
15.15 6.10865
15.16 6.10865
15.17 6.54498
15.18 6.10865
15.19 6.10865
15.20 6.10865
15.21 6.10865
15.22 6.10865
15.23 6.10865
15.24 6.10865
15.25 6.10865
15.26 6.10865
15.27 6.10865
15.28 5.67232
15.29 6.10865
15.30 6.10865
15.31 5.67232
15.32 6.10865
15.33 5.67232
15.34 6.10865
15.35 5.67232
15.36 6.10865
15.37 5.67232
15.38 5.67232
15.39 6.10865
15.40 5.67232
15.41 5.67232
15.42 5.67232
15.43 6.10865
15.44 5.67232
15.45 5.67232
15.46 5.67232
15.47 5.67232
15.48 5.67232
15.49 5.67232
15.50 5.67232
15.51 5.67232
15.52 5.67232
15.53 5.67232
15.54 5.67232
15.55 5.23599
15.56 5.67232
15.57 5.67232
15.58 5.67232
15.59 5.23599
15.60 5.67232
15.61 5.67232
15.62 5.23599
15.63 5.67232
15.64 5.67232
15.65 5.23599
15.66 5.67232
15.67 5.23599
15.68 5.67232
15.69 5.23599
15.70 5.23599
15.71 5.67232
15.72 5.23599
15.73 5.23599
15.74 5.67232
15.75 5.23599
15.76 5.23599
15.77 5.23599
15.78 5.67232
15.79 5.23599
15.80 5.23599
15.81 5.23599
15.82 5.23599
15.83 5.23599
15.84 5.23599
15.85 5.23599
15.86 5.23599
15.87 5.23599
15.88 4.79966
15.89 5.23599
15.90 5.23599
15.91 5.23599
15.92 4.79966
15.93 5.23599
15.94 4.79966
15.95 5.23599
15.96 4.79966
15.97 5.23599
15.98 4.79966
15.99 5.23599
16.00 4.79966
16.01 4.79966
16.02 4.79966
16.03 5.23599
16.04 4.79966
16.05 4.79966
16.06 4.79966
16.07 4.79966
16.08 4.79966
16.09 4.79966
16.10 4.79966
16.11 4.79966
16.12 4.36332
16.13 4.79966
16.14 4.79966
16.15 4.36332
16.16 4.79966
16.17 4.36332
16.18 4.79966
16.19 4.36332
16.20 4.36332
16.21 4.36332
16.22 4.79966
16.23 4.36332
16.24 4.36332
16.25 4.36332
16.26 4.36332
16.27 4.36332
16.28 3.92699
16.29 3.92699
16.30 4.36332
16.31 4.36332
16.32 3.92699
16.33 4.36332
16.34 3.92699
16.35 4.36332
16.36 3.92699
16.37 3.92699
16.38 4.36332
16.39 3.92699
16.40 3.92699
16.41 3.92699
16.42 3.92699
16.43 3.92699
16.44 3.92699
16.45 3.92699
16.46 3.92699
16.47 3.49066
16.48 3.92699
16.49 3.92699
16.50 3.49066
16.51 3.92699
16.52 3.92699
16.53 3.49066
16.54 3.92699
16.55 3.49066
16.56 3.49066
16.57 3.92699
16.58 3.49066
16.59 3.49066
16.60 3.92699
16.61 3.49066
16.62 3.49066
16.63 3.49066
16.64 3.49066
16.65 3.49066
16.66 3.49066
16.67 3.92699
16.68 3.49066
16.69 3.49066
16.70 3.49066
16.71 3.05433
16.72 3.49066
16.73 3.49066
16.74 3.49066
16.75 3.49066
16.76 3.49066
16.77 3.49066
16.78 3.49066
16.79 3.05433
16.80 3.49066
16.81 3.49066
16.82 3.49066
16.83 3.05433
16.84 3.49066
16.85 3.49066
16.86 3.05433
16.87 3.49066
16.88 3.49066
16.89 3.05433
16.90 3.49066
16.91 3.05433
16.92 3.49066
16.93 3.05433
16.94 3.49066
16.95 3.05433
16.96 3.49066
16.97 3.05433
16.98 3.49066
16.99 3.05433
17.00 3.49066
17.01 3.05433
17.02 3.05433
17.03 3.49066
17.04 3.05433
17.05 3.05433
17.06 3.05433
17.07 3.49066
17.08 3.05433
17.09 3.05433
17.10 3.05433
17.11 3.05433
17.12 3.05433
17.13 3.05433
17.14 3.05433
17.15 3.49066
17.16 3.05433
17.17 3.05433
17.18 3.05433
17.19 3.05433
17.20 3.05433
17.21 2.61799
17.22 3.05433
17.23 3.05433
17.24 3.05433
17.25 3.05433
17.26 3.05433
17.27 2.61799
17.28 3.05433
17.29 3.05433
17.30 3.05433
17.31 2.61799
17.32 3.05433
17.33 3.05433
17.34 2.61799
17.35 3.05433
17.36 2.61799
17.37 3.05433
17.38 2.61799
17.39 3.05433
17.40 2.61799
17.41 3.05433
17.42 2.61799
17.43 2.61799
17.44 3.05433
17.45 2.61799
17.46 3.05433
17.47 2.61799
17.48 2.61799
17.49 2.61799
17.50 3.05433
17.51 2.61799
17.52 2.61799
17.53 2.61799
17.54 2.61799
17.55 2.61799
17.56 2.61799
17.57 2.61799
17.58 2.61799
17.59 2.61799
17.60 2.61799
17.61 2.61799
17.62 2.61799
17.63 2.61799
17.64 2.61799
17.65 2.61799
17.66 2.18166
17.67 2.61799
17.68 2.61799
17.69 2.18166
17.70 2.61799
17.71 2.61799
17.72 2.18166
17.73 2.61799
17.74 2.18166
17.75 2.61799
17.76 2.18166
17.77 2.61799
17.78 2.18166
17.79 2.61799
17.80 2.18166
17.81 2.18166
17.82 2.18166
17.83 2.61799
17.84 2.18166
17.85 2.18166
17.86 2.18166
17.87 2.18166
17.88 2.18166
17.89 2.18166
17.90 2.18166
17.91 2.18166
17.92 2.18166
17.93 2.18166
17.94 2.18166
17.95 1.74533
17.96 2.18166
17.97 2.18166
17.98 1.74533
17.99 2.18166
18.00 2.18166
18.01 1.74533
18.02 2.18166
18.03 1.74533
18.04 1.74533
18.05 2.18166
18.06 1.74533
18.07 1.74533
18.08 2.18166
18.09 1.74533
18.10 1.74533
18.11 1.74533
18.12 1.74533
18.13 1.74533
18.14 1.74533
18.15 1.74533
18.16 1.74533
18.17 1.30900
18.18 1.74533
18.19 1.74533
18.20 1.30900
18.21 1.74533
18.22 1.30900
18.23 1.74533
18.24 1.30900
18.25 1.74533
18.26 1.30900
18.27 1.30900
18.28 1.74533
18.29 1.30900
18.30 1.30900
18.31 1.30900
18.32 1.30900
18.33 1.30900
18.34 1.30900
18.35 1.30900
18.36 1.30900
18.37 1.30900
18.38 0.87266
18.39 1.30900
18.40 1.30900
18.41 0.87266
18.42 1.30900
18.43 0.87266
18.44 1.30900
18.45 0.87266
18.46 1.30900
18.47 0.87266
18.48 0.87266
18.49 0.87266
18.50 0.87266
18.51 0.87266
18.52 0.87266
18.53 0.87266
18.54 0.87266
18.55 0.87266
18.56 0.87266
18.57 0.87266
18.58 0.43633
18.59 0.87266
18.60 0.87266
18.61 0.43633
18.62 0.87266
18.63 0.43633
18.64 0.87266
18.65 0.43633
18.66 0.43633
18.67 0.87266
18.68 0.43633
18.69 0.43633
18.70 0.43633
18.71 0.43633
18.72 0.43633
18.73 0.43633
18.74 0.43633
18.75 0.43633
18.76 0.00000
18.77 0.43633
18.78 0.43633
18.79 0.43633
18.80 0.00000
18.81 0.43633
18.82 0.00000
18.83 0.43633
18.84 0.00000
18.85 0.00000
18.86 0.43633
18.87 0.00000
18.88 0.00000
18.89 0.00000
18.90 0.43633
18.91 0.00000
18.92 0.00000
18.93 0.00000
18.94 0.00000
18.95 0.00000
18.96 -0.43633
18.97 0.00000
18.98 0.00000
18.99 0.00000
19.00 0.00000
19.01 0.00000
19.02 -0.43633
19.03 0.00000
19.04 0.00000
19.05 0.00000
19.06 0.00000
19.07 0.00000
19.08 -0.43633
19.09 0.00000
19.10 0.00000
19.11 0.00000
19.12 0.00000
19.13 0.00000
19.14 0.00000
19.15 0.00000
19.16 0.00000
19.17 -0.43633
19.18 0.00000
19.19 0.00000
19.20 0.00000
19.21 0.00000
19.22 0.00000
19.23 0.00000
19.24 0.00000
19.25 0.00000
19.26 0.00000
19.27 0.00000
19.28 0.00000
19.29 0.00000
19.30 0.00000
19.31 0.00000
19.32 0.00000
19.33 0.00000
19.34 0.00000
19.35 0.00000
19.36 0.00000
19.37 0.00000
19.38 0.00000
19.39 0.00000
19.40 0.00000
19.41 0.00000
19.42 0.00000
19.43 0.00000
19.44 0.00000
19.45 0.00000
19.46 0.00000
19.47 0.00000
19.48 0.00000
19.49 0.00000
19.50 0.00000
19.51 0.00000
19.52 0.00000
19.53 0.00000
19.54 0.00000
19.55 0.00000
19.56 0.00000
19.57 0.00000
19.58 0.00000
19.59 0.00000
19.60 0.00000
19.61 0.00000
19.62 0.00000
19.63 0.00000
19.64 0.00000
19.65 0.00000
19.66 0.00000
19.67 0.00000
19.68 0.00000
19.69 0.00000
19.70 0.00000
19.71 0.00000
19.72 0.00000
19.73 0.00000
19.74 0.00000
19.75 0.00000
19.76 0.00000
19.77 0.00000
19.78 0.00000
19.79 0.00000
19.80 0.00000
19.81 0.00000
19.82 0.00000
19.83 0.00000
19.84 0.00000
19.85 0.00000
19.86 0.00000
19.87 0.00000
19.88 0.00000
19.89 0.00000
19.90 0.00000
19.91 0.00000
19.92 0.00000
19.93 0.00000
19.94 0.00000
19.95 0.00000
19.96 0.00000
19.97 0.00000
19.98 0.00000
19.99 0.00000
20.00 0.00000
20.01 0.00000
20.02 0.00000
20.03 0.00000
20.04 0.00000
20.05 0.00000
20.06 0.00000
20.07 0.00000
20.08 0.00000
20.09 0.00000
20.10 0.43633
20.11 8.29031
20.12 19.19862
20.13 21.81661
20.14 22.25295
20.15 21.81661
20.16 22.25295
20.17 21.81661
20.18 22.25295
20.19 21.81661
20.20 21.81661
20.21 21.81661
20.22 21.81661
20.23 21.81661
20.24 21.81661
20.25 21.38028
20.26 21.81661
20.27 21.38028
20.28 21.81661
20.29 21.38028
20.30 21.38028
20.31 21.81661
20.32 21.38028
20.33 21.38028
20.34 21.38028
20.35 21.38028
20.36 21.38028
20.37 21.38028
20.38 20.94395
20.39 21.38028
20.40 20.94395
20.41 21.38028
20.42 20.94395
20.43 21.38028
20.44 20.94395
20.45 20.94395
20.46 20.94395
20.47 20.50762
20.48 20.94395
20.49 20.50762
20.50 20.94395
20.51 20.94395
20.52 20.50762
20.53 20.50762
20.54 20.50762
20.55 20.50762
20.56 20.94395
20.57 20.50762
20.58 20.50762
20.59 20.50762
20.60 20.50762
20.61 20.50762
20.62 20.50762
20.63 20.07129
20.64 20.07129
20.65 20.50762
20.66 20.50762
20.67 20.07129
20.68 20.50762
20.69 20.07129
20.70 20.07129
20.71 20.07129
20.72 20.07129
20.73 19.63495
20.74 20.07129
20.75 20.07129
20.76 20.07129
20.77 20.07129
20.78 19.63495
20.79 20.07129
20.80 19.63495
20.81 19.63495
20.82 19.63495
20.83 19.63495
20.84 19.63495
20.85 19.63495
20.86 19.63495
20.87 19.19862
20.88 19.63495
20.89 19.63495
20.90 19.19862
20.91 19.63495
20.92 19.19862
20.93 19.63495
20.94 19.19862
20.95 19.19862
20.96 19.19862
20.97 19.19862
20.98 19.19862
20.99 19.19862
21.00 19.19862
21.01 18.76229
21.02 19.19862
21.03 19.19862
21.04 18.76229
21.05 19.19862
21.06 18.76229
21.07 19.19862
21.08 18.76229
21.09 18.76229
21.10 18.76229
21.11 18.76229
21.12 18.76229
21.13 18.76229
21.14 18.76229
21.15 18.76229
21.16 18.76229
21.17 18.32596
21.18 18.76229
21.19 18.32596
21.20 18.76229
21.21 18.32596
21.22 18.76229
21.23 18.32596
21.24 18.32596
21.25 18.32596
21.26 18.76229
21.27 18.32596
21.28 18.32596
21.29 17.88962
21.30 18.32596
21.31 18.32596
21.32 18.32596
21.33 17.88962
21.34 18.32596
21.35 17.88962
21.36 18.32596
21.37 17.88962
21.38 17.88962
21.39 17.88962
21.40 17.88962
21.41 17.88962
21.42 17.88962
21.43 17.88962
21.44 17.45329
21.45 17.88962
21.46 17.45329
21.47 17.88962
21.48 17.45329
21.49 17.88962
21.50 17.45329
21.51 17.45329
21.52 17.45329
21.53 17.45329
21.54 17.45329
21.55 17.45329
21.56 17.45329
21.57 17.45329
21.58 17.45329
21.59 17.45329
21.60 17.45329
21.61 17.01696
21.62 17.45329
21.63 17.01696
21.64 17.45329
21.65 17.01696
21.66 17.45329
21.67 17.01696
21.68 17.01696
21.69 17.01696
21.70 17.01696
21.71 17.01696
21.72 17.01696
21.73 17.01696
21.74 17.01696
21.75 16.58063
21.76 16.58063
21.77 17.01696
21.78 16.58063
21.79 17.01696
21.80 16.58063
21.81 17.01696
21.82 16.58063
21.83 16.58063
21.84 16.58063
21.85 16.58063
21.86 16.58063
21.87 16.58063
21.88 16.58063
21.89 16.58063
21.90 16.58063
21.91 16.58063
21.92 16.14429
21.93 16.58063
21.94 16.58063
21.95 16.14429
21.96 16.58063
21.97 16.14429
21.98 16.58063
21.99 16.14429
22.00 16.14429
22.01 16.58063
22.02 16.14429
22.03 16.14429
22.04 16.14429
22.05 16.14429
22.06 16.14429
22.07 16.14429
22.08 16.14429
22.09 16.14429
22.10 15.70796
22.11 16.14429
22.12 16.14429
22.13 15.70796
22.14 15.70796
22.15 16.14429
22.16 15.70796
22.17 15.70796
22.18 15.70796
22.19 15.70796
22.20 15.70796
22.21 15.70796
22.22 15.70796
22.23 15.70796
22.24 15.70796
22.25 15.27163
22.26 15.70796
22.27 15.70796
22.28 15.27163
22.29 15.70796
22.30 15.27163
22.31 15.27163
22.32 15.70796
22.33 15.27163
22.34 15.27163
22.35 15.70796
22.36 15.27163
22.37 15.27163
22.38 15.27163
22.39 15.27163
22.40 15.27163
22.41 14.83530
22.42 14.83530
22.43 15.27163
22.44 15.27163
22.45 14.83530
22.46 15.27163
22.47 14.83530
22.48 15.27163
22.49 14.83530
22.50 14.83530
22.51 14.83530
22.52 14.83530
22.53 14.83530
22.54 14.83530
22.55 14.83530
22.56 14.83530
22.57 14.83530
22.58 14.39897
22.59 14.83530
22.60 14.39897
22.61 14.83530
22.62 14.39897
22.63 14.39897
22.64 14.39897
22.65 14.39897
22.66 14.83530
22.67 14.39897
22.68 14.39897
22.69 14.39897
22.70 14.39897
22.71 14.39897
22.72 14.39897
22.73 14.39897
22.74 14.39897
22.75 14.39897
22.76 13.96263
22.77 14.39897
22.78 14.39897
22.79 13.96263
22.80 14.39897
22.81 13.96263
22.82 13.96263
22.83 13.96263
22.84 14.39897
22.85 13.96263
22.86 13.96263
22.87 13.96263
22.88 13.96263
22.89 14.39897
22.90 13.96263
22.91 13.52630
22.92 13.52630
22.93 13.96263
22.94 13.96263
22.95 13.96263
22.96 13.52630
22.97 13.96263
22.98 13.52630
22.99 13.52630
23.00 13.96263
23.01 13.52630
23.02 13.52630
23.03 13.52630
23.04 13.52630
23.05 13.52630
23.06 13.52630
23.07 13.52630
23.08 13.52630
23.09 13.52630
23.10 13.08997
23.11 13.52630
23.12 13.52630
23.13 13.08997
23.14 13.52630
23.15 13.08997
23.16 13.52630
23.17 13.08997
23.18 13.52630
23.19 13.08997
23.20 13.08997
23.21 13.08997
23.22 13.52630
23.23 13.08997
23.24 13.08997
23.25 13.08997
23.26 13.08997
23.27 12.65364
23.28 13.08997
23.29 13.08997
23.30 13.08997
23.31 12.65364
23.32 13.08997
23.33 13.08997
23.34 12.65364
23.35 13.08997
23.36 12.65364
23.37 12.65364
23.38 13.08997
23.39 12.65364
23.40 12.65364
23.41 12.65364
23.42 12.65364
23.43 12.65364
23.44 12.65364
23.45 12.65364
23.46 12.65364
23.47 12.21730
23.48 12.65364
23.49 12.21730
23.50 12.65364
23.51 12.21730
23.52 12.65364
23.53 12.21730
23.54 12.21730
23.55 12.21730
23.56 12.21730
23.57 12.21730
23.58 12.21730
23.59 12.21730
23.60 12.21730
23.61 12.21730
23.62 11.78097
23.63 12.21730
23.64 12.21730
23.65 12.21730
23.66 12.21730
23.67 11.78097
23.68 12.21730
23.69 12.21730
23.70 11.78097
23.71 12.21730
23.72 11.78097
23.73 12.21730
23.74 11.78097
23.75 12.21730
23.76 11.78097
23.77 11.78097
23.78 12.21730
23.79 11.78097
23.80 11.78097
23.81 11.78097
23.82 11.78097
23.83 11.78097
23.84 11.78097
23.85 11.78097
23.86 11.78097
23.87 11.78097
23.88 11.78097
23.89 11.34464
23.90 11.78097
23.91 11.78097
23.92 11.34464
23.93 11.78097
23.94 11.34464
23.95 11.34464
23.96 11.78097
23.97 11.34464
23.98 11.34464
23.99 11.34464
24.00 11.34464
24.01 11.34464
24.02 11.34464
24.03 10.90831
24.04 11.34464
24.05 11.34464
24.06 10.90831
24.07 11.34464
24.08 10.90831
24.09 11.34464
24.10 10.90831
24.11 11.34464
24.12 10.90831
24.13 10.90831
24.14 10.90831
24.15 11.34464
24.16 10.90831
24.17 10.90831
24.18 10.90831
24.19 10.90831
24.20 10.90831
24.21 10.90831
24.22 10.90831
24.23 10.90831
24.24 10.47198
24.25 10.47198
24.26 10.90831
24.27 10.90831
24.28 10.47198
24.29 10.90831
24.30 10.90831
24.31 10.47198
24.32 10.90831
24.33 10.47198
24.34 10.90831
24.35 10.47198
24.36 10.90831
24.37 10.47198
24.38 10.47198
24.39 10.47198
24.40 10.90831
24.41 10.47198
24.42 10.47198
24.43 10.47198
24.44 10.47198
24.45 10.47198
24.46 10.47198
24.47 10.47198
24.48 10.03564
24.49 10.03564
24.50 10.47198
24.51 10.03564
24.52 10.03564
24.53 10.03564
24.54 10.47198
24.55 10.03564
24.56 10.03564
24.57 10.47198
24.58 10.03564
24.59 10.03564
24.60 10.03564
24.61 10.03564
24.62 10.03564
24.63 9.59931
24.64 10.03564
24.65 10.03564
24.66 10.03564
24.67 9.59931
24.68 10.03564
24.69 9.59931
24.70 10.03564
24.71 9.59931
24.72 10.03564
24.73 9.59931
24.74 9.59931
24.75 10.03564
24.76 9.59931
24.77 9.59931
24.78 10.03564
24.79 9.59931
24.80 9.59931
24.81 9.59931
24.82 9.59931
24.83 9.59931
24.84 9.59931
24.85 9.59931
24.86 9.59931
24.87 9.59931
24.88 9.59931
24.89 9.59931
24.90 9.59931
24.91 9.16298
24.92 9.59931
24.93 9.59931
24.94 9.16298
24.95 9.59931
24.96 9.59931
24.97 9.16298
24.98 9.59931
24.99 9.16298
25.00 9.59931
25.01 9.16298
25.02 9.16298
25.03 9.16298
25.04 9.59931
25.05 9.16298
25.06 9.16298
25.07 9.16298
25.08 9.16298
25.09 9.16298
25.10 9.16298
25.11 9.16298
25.12 8.72665
25.13 9.16298
25.14 9.16298
25.15 8.72665
25.16 9.16298
25.17 8.72665
25.18 9.16298
25.19 8.72665
25.20 8.72665
25.21 8.72665
25.22 8.72665
25.23 8.72665
25.24 8.72665
25.25 8.72665
25.26 8.72665
25.27 8.72665
25.28 8.72665
25.29 8.72665
25.30 8.29031
25.31 8.72665
25.32 8.29031
25.33 8.72665
25.34 8.29031
25.35 8.72665
25.36 8.29031
25.37 8.29031
25.38 8.72665
25.39 8.29031
25.40 8.29031
25.41 8.29031
25.42 8.29031
25.43 8.29031
25.44 8.29031
25.45 8.29031
25.46 7.85398
25.47 8.29031
25.48 8.29031
25.49 8.29031
25.50 8.29031
25.51 8.29031
25.52 8.29031
25.53 7.85398
25.54 8.29031
25.55 8.29031
25.56 7.85398
25.57 8.29031
25.58 8.29031
25.59 7.85398
25.60 8.29031
25.61 7.85398
25.62 8.29031
25.63 7.85398
25.64 8.29031
25.65 7.85398
25.66 7.85398
25.67 8.29031
25.68 7.85398
25.69 7.85398
25.70 7.85398
25.71 7.85398
25.72 7.85398
25.73 7.85398
25.74 7.85398
25.75 7.85398
25.76 7.85398
25.77 7.85398
25.78 7.41765
25.79 7.85398
25.80 7.85398
25.81 7.85398
25.82 7.85398
25.83 7.41765
25.84 7.85398
25.85 7.85398
25.86 7.41765
25.87 7.85398
25.88 7.41765
25.89 7.41765
25.90 7.85398
25.91 7.41765
25.92 7.41765
25.93 7.41765
25.94 7.41765
25.95 7.41765
25.96 7.41765
25.97 7.41765
25.98 7.41765
25.99 6.98132
26.00 7.41765
26.01 7.41765
26.02 6.98132
26.03 7.41765
26.04 6.98132
26.05 7.41765
26.06 6.98132
26.07 6.98132
26.08 6.98132
26.09 6.98132
26.10 6.98132
26.11 7.41765
26.12 6.98132
26.13 6.54498
26.14 6.98132
26.15 6.98132
26.16 6.98132
26.17 6.98132
26.18 6.98132
26.19 6.54498
26.20 6.98132
26.21 6.98132
26.22 6.54498
26.23 6.98132
26.24 6.98132
26.25 6.54498
26.26 6.98132
26.27 6.54498
26.28 6.98132
26.29 6.54498
26.30 6.54498
26.31 6.98132
26.32 6.54498
26.33 6.54498
26.34 6.98132
26.35 6.54498
26.36 6.54498
26.37 6.54498
26.38 6.54498
26.39 6.98132
26.40 6.54498
26.41 6.54498
26.42 6.54498
26.43 6.54498
26.44 6.54498
26.45 6.54498
26.46 6.54498
26.47 6.10865
26.48 6.10865
26.49 6.54498
26.50 6.54498
26.51 6.54498
26.52 6.54498
26.53 6.10865
26.54 6.54498
26.55 6.54498
26.56 6.10865
26.57 6.54498
26.58 6.54498
26.59 6.10865
26.60 6.54498
26.61 6.10865
26.62 6.54498
26.63 6.10865
26.64 6.10865
26.65 6.54498
26.66 6.10865
26.67 6.10865
26.68 6.10865
26.69 6.54498
26.70 6.10865
26.71 6.10865
26.72 6.10865
26.73 6.10865
26.74 6.10865
26.75 6.10865
26.76 5.67232
26.77 6.10865
26.78 6.10865
26.79 6.10865
26.80 5.67232
26.81 6.10865
26.82 6.10865
26.83 5.67232
26.84 6.10865
26.85 5.67232
26.86 5.67232
26.87 6.10865
26.88 5.67232
26.89 5.67232
26.90 5.67232
26.91 5.67232
26.92 5.67232
26.93 5.67232
26.94 5.67232
26.95 5.67232
26.96 5.67232
26.97 5.67232
26.98 5.23599
26.99 5.67232
27.00 5.23599
27.01 5.67232
27.02 5.23599
27.03 5.67232
27.04 5.23599
27.05 5.23599
27.06 5.67232
27.07 5.23599
27.08 5.23599
27.09 5.23599
27.10 5.23599
27.11 5.23599
27.12 5.23599
27.13 5.23599
27.14 5.23599
27.15 5.23599
27.16 5.23599
27.17 5.23599
27.18 4.79966
27.19 5.23599
27.20 5.23599
27.21 5.23599
27.22 4.79966
27.23 5.23599
27.24 4.79966
27.25 5.23599
27.26 5.23599
27.27 4.79966
27.28 5.23599
27.29 4.79966
27.30 5.23599
27.31 4.79966
27.32 5.23599
27.33 4.79966
27.34 4.79966
27.35 5.23599
27.36 4.79966
27.37 4.79966
27.38 5.23599
27.39 4.79966
27.40 4.79966
27.41 4.79966
27.42 4.79966
27.43 4.79966
27.44 5.23599
27.45 4.79966
27.46 4.79966
27.47 4.79966
27.48 4.79966
27.49 4.79966
27.50 4.79966
27.51 4.79966
27.52 4.79966
27.53 4.79966
27.54 4.79966
27.55 4.79966
27.56 4.36332
27.57 4.79966
27.58 4.79966
27.59 4.79966
27.60 4.79966
27.61 4.36332
27.62 4.79966
27.63 4.79966
27.64 4.36332
27.65 4.79966
27.66 4.79966
27.67 4.36332
27.68 4.79966
27.69 4.36332
27.70 4.79966
27.71 4.36332
27.72 4.79966
27.73 4.36332
27.74 4.36332
27.75 4.79966
27.76 4.36332
27.77 4.36332
27.78 4.36332
27.79 4.36332
27.80 4.79966
27.81 4.36332
27.82 4.36332
27.83 4.36332
27.84 4.36332
27.85 3.92699
27.86 4.36332
27.87 4.36332
27.88 4.36332
27.89 4.36332
27.90 3.92699
27.91 4.36332
27.92 3.92699
27.93 4.36332
27.94 3.92699
27.95 4.36332
27.96 3.92699
27.97 4.36332
27.98 3.92699
27.99 3.92699
28.00 3.92699
28.01 4.36332
28.02 3.92699
28.03 3.92699
28.04 3.92699
28.05 3.92699
28.06 3.92699
28.07 3.92699
28.08 3.92699
28.09 3.49066
28.10 3.92699
28.11 3.92699
28.12 3.92699
28.13 3.49066
28.14 3.92699
28.15 3.49066
28.16 3.49066
28.17 3.92699
28.18 3.49066
28.19 3.49066
28.20 3.49066
28.21 3.92699
28.22 3.49066
28.23 3.49066
28.24 3.05433
28.25 3.49066
28.26 3.49066
28.27 3.49066
28.28 3.05433
28.29 3.49066
28.30 3.49066
28.31 3.05433
28.32 3.49066
28.33 3.05433
28.34 3.05433
28.35 3.05433
28.36 3.49066
28.37 3.05433
28.38 3.05433
28.39 3.05433
28.40 3.05433
28.41 3.05433
28.42 2.61799
28.43 3.05433
28.44 3.05433
28.45 3.05433
28.46 2.61799
28.47 3.05433
28.48 2.61799
28.49 3.05433
28.50 2.61799
28.51 3.05433
28.52 2.61799
28.53 2.61799
28.54 3.05433
28.55 2.61799
28.56 2.61799
28.57 2.61799
28.58 2.61799
28.59 2.61799
28.60 2.61799
28.61 2.61799
28.62 2.61799
28.63 2.61799
28.64 2.61799
28.65 2.18166
28.66 2.61799
28.67 2.61799
28.68 2.61799
28.69 2.18166
28.70 2.61799
28.71 2.18166
28.72 2.61799
28.73 2.61799
28.74 2.18166
28.75 2.18166
28.76 2.61799
28.77 2.18166
28.78 2.61799
28.79 2.18166
28.80 2.18166
28.81 2.61799
28.82 2.18166
28.83 2.18166
28.84 2.18166
28.85 2.18166
28.86 2.18166
28.87 2.18166
28.88 2.18166
28.89 2.18166
28.90 2.18166
28.91 2.18166
28.92 2.18166
28.93 2.18166
28.94 2.18166
28.95 2.18166
28.96 2.18166
28.97 2.18166
28.98 2.18166
28.99 2.18166
29.00 2.18166
29.01 1.74533
29.02 2.18166
29.03 2.18166
29.04 2.18166
29.05 2.18166
29.06 1.74533
29.07 2.18166
29.08 2.18166
29.09 2.18166
29.10 1.74533
29.11 2.18166
29.12 2.18166
29.13 1.74533
29.14 2.18166
29.15 2.18166
29.16 1.74533
29.17 2.18166
29.18 1.74533
29.19 2.18166
29.20 1.74533
29.21 2.18166
29.22 1.74533
29.23 2.18166
29.24 1.74533
29.25 2.18166
29.26 1.74533
29.27 1.74533
29.28 2.18166
29.29 1.74533
29.30 1.74533
29.31 2.18166
29.32 1.74533
29.33 1.74533
29.34 1.74533
29.35 2.18166
29.36 1.74533
29.37 1.74533
29.38 1.74533
29.39 1.74533
29.40 1.74533
29.41 1.74533
29.42 1.74533
29.43 2.18166
29.44 1.30900
29.45 1.30900
29.46 1.74533
29.47 1.74533
29.48 1.74533
29.49 1.74533
29.50 1.74533
29.51 1.74533
29.52 1.74533
29.53 1.30900
29.54 1.74533
29.55 1.74533
29.56 1.30900
29.57 1.74533
29.58 1.30900
29.59 1.74533
29.60 1.30900
29.61 1.74533
29.62 1.30900
29.63 1.74533
29.64 1.30900
29.65 1.30900
29.66 1.30900
29.67 1.30900
29.68 1.30900
29.69 1.74533
29.70 0.87266
29.71 0.87266
29.72 1.30900
29.73 1.30900
29.74 1.30900
29.75 1.30900
29.76 0.87266
29.77 1.30900
29.78 1.30900
29.79 0.87266
29.80 1.30900
29.81 0.87266
29.82 1.30900
29.83 0.87266
29.84 0.87266
29.85 0.87266
29.86 0.87266
29.87 1.30900
29.88 0.87266
29.89 0.87266
29.90 0.87266
29.91 0.43633
29.92 0.87266
29.93 0.87266
29.94 0.87266
29.95 0.43633
29.96 0.87266
29.97 0.87266
29.98 0.43633
29.99 0.43633
30.00 0.87266
30.01 0.43633
30.02 0.43633
30.03 0.87266
30.04 0.43633
30.05 0.43633
30.06 0.43633
30.07 0.43633
30.08 0.43633
30.09 0.43633
30.10 0.43633
30.11 0.00000
30.12 0.43633
30.13 0.43633
30.14 0.43633
30.15 0.00000
30.16 0.43633
30.17 0.00000
30.18 0.00000
30.19 0.43633
30.20 0.00000
30.21 0.00000
30.22 0.43633
30.23 0.00000
30.24 0.00000
30.25 0.00000
30.26 0.00000
30.27 0.00000
30.28 0.00000
30.29 0.00000
30.30 0.00000
30.31 0.00000
30.32 0.00000
30.33 0.00000
30.34 0.00000
30.35 0.00000
30.36 0.00000
30.37 0.00000
30.38 0.00000
30.39 0.00000
30.40 0.00000
30.41 0.00000
30.42 0.00000
30.43 0.00000
30.44 0.00000
30.45 0.00000
30.46 0.00000
30.47 0.00000
30.48 0.00000
30.49 0.00000
30.50 0.00000
30.51 0.00000
30.52 0.00000
30.53 0.00000
30.54 0.00000
30.55 0.00000
30.56 0.00000
30.57 0.00000
30.58 0.00000
30.59 0.00000
30.60 0.00000
30.61 0.00000
30.62 0.00000
30.63 0.00000
30.64 0.00000
30.65 0.00000
30.66 0.00000
30.67 0.00000
30.68 0.00000
30.69 0.00000
30.70 0.00000
30.71 0.00000
30.72 0.00000
30.73 0.00000
30.74 0.00000
30.75 0.00000
30.76 0.00000
30.77 0.00000
30.78 0.00000
30.79 0.00000
30.80 0.00000
30.81 0.00000
30.82 0.00000
30.83 0.00000
30.84 0.00000
30.85 0.00000
30.86 0.00000
30.87 0.00000
30.88 0.00000
30.89 0.00000
30.90 0.00000
30.91 0.00000
30.92 0.00000
30.93 0.00000
30.94 0.00000
30.95 0.00000
30.96 0.00000
30.97 0.00000
30.98 0.00000
30.99 0.00000
31.00 0.00000
31.01 0.00000
31.02 0.00000
31.03 0.00000
31.04 0.00000
31.05 0.00000
31.06 0.00000
31.07 0.00000
31.08 0.00000
31.09 0.00000
31.10 0.00000
31.11 0.00000
31.12 0.00000
31.13 0.00000
31.14 0.00000
31.15 0.00000
31.16 0.00000
31.17 0.00000
31.18 0.00000
31.19 0.00000
31.20 0.00000
31.21 0.00000
31.22 0.00000
31.23 0.00000
31.24 0.00000
31.25 0.00000
31.26 0.00000
31.27 0.00000
31.28 0.00000
31.29 0.00000
31.30 0.00000
31.31 0.00000
31.32 0.00000
31.33 0.00000
31.34 0.00000
31.35 0.00000
31.36 0.00000
31.37 0.00000
31.38 0.00000
31.39 0.00000
31.40 0.00000
31.41 0.00000
31.42 0.00000
31.43 0.00000
31.44 0.00000
31.45 0.00000
31.46 0.00000
31.47 0.00000
31.48 0.00000
31.49 0.00000
31.50 0.00000
31.51 0.00000
31.52 0.00000
31.53 0.00000
31.54 0.00000
31.55 0.00000
31.56 0.00000
31.57 0.00000
31.58 0.00000
31.59 0.00000
31.60 0.00000
31.61 0.00000
31.62 0.00000
31.63 0.00000
31.64 0.00000
31.65 0.00000
31.66 0.00000
31.67 0.00000
31.68 0.00000
31.69 0.00000
31.70 0.00000
31.71 0.00000
31.72 0.00000
31.73 0.00000
31.74 0.00000
31.75 0.00000
31.76 0.00000
31.77 0.00000
31.78 0.00000
31.79 0.00000
31.80 0.00000
31.81 0.00000
31.82 0.00000
31.83 0.00000
31.84 0.00000
31.85 0.00000
31.86 0.00000
31.87 0.00000
31.88 0.00000
31.89 0.00000
31.90 0.00000
31.91 0.00000
31.92 0.00000
31.93 0.00000
31.94 0.00000
31.95 0.00000
31.96 0.00000
31.97 0.00000
31.98 0.00000
31.99 0.00000
32.00 0.00000
32.01 0.00000
32.02 0.00000
32.03 0.00000
32.04 0.00000
32.05 0.00000
32.06 0.00000
32.07 0.00000
32.08 0.00000
32.09 0.00000
32.10 0.00000
32.11 0.00000
32.12 0.00000
32.13 0.00000
32.14 0.00000
32.15 0.00000
32.16 0.00000
32.17 0.00000
32.18 0.00000
32.19 0.00000
32.20 0.00000
32.21 0.00000
32.22 0.00000
32.23 0.00000
32.24 0.00000
32.25 0.00000
32.26 0.00000
32.27 0.00000
32.28 0.00000
32.29 0.00000
32.30 0.87266
32.31 9.59931
32.32 12.21730
32.33 12.65364
32.34 12.65364
32.35 12.65364
32.36 12.21730
32.37 12.65364
32.38 12.21730
32.39 12.65364
32.40 12.21730
32.41 12.21730
32.42 12.65364
32.43 12.21730
32.44 12.21730
32.45 12.21730
32.46 11.78097
32.47 12.21730
32.48 12.21730
32.49 12.21730
32.50 12.21730
32.51 11.78097
32.52 12.21730
32.53 11.78097
32.54 11.78097
32.55 11.78097
32.56 11.78097
32.57 11.78097
32.58 11.78097
32.59 11.78097
32.60 11.78097
32.61 11.78097
32.62 11.78097
32.63 11.78097
32.64 11.78097
32.65 11.34464
32.66 11.78097
32.67 11.34464
32.68 11.78097
32.69 11.34464
32.70 11.78097
32.71 11.34464
32.72 11.78097
32.73 11.34464
32.74 11.34464
32.75 11.78097
32.76 11.34464
32.77 11.34464
32.78 11.34464
32.79 11.34464
32.80 11.34464
32.81 11.34464
32.82 11.34464
32.83 11.34464
32.84 11.34464
32.85 11.34464
32.86 10.90831
32.87 11.34464
32.88 11.34464
32.89 10.90831
32.90 11.34464
32.91 11.34464
32.92 10.90831
32.93 10.90831
32.94 11.34464
32.95 10.90831
32.96 10.90831
32.97 10.90831
32.98 11.34464
32.99 10.90831
33.00 10.47198
33.01 10.47198
33.02 10.90831
33.03 10.90831
33.04 10.90831
33.05 10.90831
33.06 10.47198
33.07 10.90831
33.08 10.47198
33.09 10.90831
33.10 10.47198
33.11 10.47198
33.12 10.47198
33.13 10.47198
33.14 10.47198
33.15 10.47198
33.16 10.47198
33.17 10.47198
33.18 10.47198
33.19 10.03564
33.20 10.47198
33.21 10.47198
33.22 10.03564
33.23 10.03564
33.24 10.47198
33.25 10.47198
33.26 10.03564
33.27 10.47198
33.28 10.03564
33.29 10.03564
33.30 10.47198
33.31 10.03564
33.32 10.47198
33.33 10.03564
33.34 10.03564
33.35 10.03564
33.36 10.47198
33.37 10.03564
33.38 10.03564
33.39 10.03564
33.40 10.03564
33.41 10.03564
33.42 10.03564
33.43 10.03564
33.44 10.03564
33.45 10.03564
33.46 10.03564
33.47 9.59931
33.48 10.03564
33.49 10.03564
33.50 9.59931
33.51 10.03564
33.52 10.03564
33.53 9.59931
33.54 9.59931
33.55 10.03564
33.56 9.59931
33.57 9.59931
33.58 9.59931
33.59 10.03564
33.60 9.59931
33.61 9.59931
33.62 9.59931
33.63 9.59931
33.64 9.59931
33.65 9.16298
33.66 9.59931
33.67 9.59931
33.68 9.16298
33.69 9.59931
33.70 9.16298
33.71 9.59931
33.72 9.16298
33.73 9.16298
33.74 9.59931
33.75 9.16298
33.76 9.16298
33.77 9.16298
33.78 9.16298
33.79 9.16298
33.80 9.16298
33.81 9.16298
33.82 9.16298
33.83 8.72665
33.84 9.16298
33.85 9.16298
33.86 9.16298
33.87 8.72665
33.88 9.16298
33.89 8.72665
33.90 9.16298
33.91 8.72665
33.92 9.16298
33.93 8.72665
33.94 9.16298
33.95 8.72665
33.96 9.16298
33.97 8.72665
33.98 8.72665
33.99 8.72665
34.00 9.16298
34.01 8.72665
34.02 8.72665
34.03 8.72665
34.04 8.72665
34.05 8.72665
34.06 8.72665
34.07 8.72665
34.08 8.72665
34.09 8.72665
34.10 8.72665
34.11 8.72665
34.12 8.72665
34.13 8.29031
34.14 8.29031
34.15 8.72665
34.16 8.72665
34.17 8.29031
34.18 8.72665
34.19 8.29031
34.20 8.72665
34.21 8.29031
34.22 8.29031
34.23 8.72665
34.24 8.29031
34.25 8.29031
34.26 8.29031
34.27 8.29031
34.28 8.29031
34.29 8.29031
34.30 8.29031
34.31 8.29031
34.32 8.29031
34.33 8.29031
34.34 7.85398
34.35 8.29031
34.36 8.29031
34.37 7.85398
34.38 8.29031
34.39 8.29031
34.40 7.85398
34.41 8.29031
34.42 7.85398
34.43 7.85398
34.44 7.85398
34.45 8.29031
34.46 7.85398
34.47 7.85398
34.48 7.85398
34.49 7.85398
34.50 7.85398
34.51 7.85398
34.52 7.41765
34.53 7.85398
34.54 7.85398
34.55 7.85398
34.56 7.41765
34.57 7.85398
34.58 7.41765
34.59 7.85398
34.60 7.41765
34.61 7.85398
34.62 7.41765
34.63 7.85398
34.64 7.41765
34.65 7.41765
34.66 7.85398
34.67 7.41765
34.68 7.41765
34.69 7.41765
34.70 7.85398
34.71 7.41765
34.72 7.41765
34.73 7.41765
34.74 7.41765
34.75 7.41765
34.76 7.41765
34.77 7.41765
34.78 7.41765
34.79 7.41765
34.80 7.41765
34.81 7.41765
34.82 7.41765
34.83 7.41765
34.84 6.98132
34.85 7.41765
34.86 7.41765
34.87 6.98132
34.88 6.98132
34.89 7.41765
34.90 6.98132
34.91 7.41765
34.92 6.98132
34.93 7.41765
34.94 6.98132
34.95 6.98132
34.96 7.41765
34.97 6.98132
34.98 6.98132
34.99 7.41765
35.00 6.98132
35.01 6.98132
35.02 6.98132
35.03 6.98132
35.04 6.98132
35.05 6.98132
35.06 6.98132
35.07 6.54498
35.08 6.98132
35.09 6.98132
35.10 6.98132
35.11 6.54498
35.12 6.98132
35.13 6.54498
35.14 6.98132
35.15 6.54498
35.16 6.98132
35.17 6.54498
35.18 6.54498
35.19 6.54498
35.20 6.98132
35.21 6.54498
35.22 6.54498
35.23 6.54498
35.24 6.54498
35.25 6.10865
35.26 6.54498
35.27 6.54498
35.28 6.54498
35.29 6.10865
35.30 6.54498
35.31 6.10865
35.32 6.54498
35.33 6.10865
35.34 6.54498
35.35 6.10865
35.36 6.10865
35.37 6.10865
35.38 6.10865
35.39 6.10865
35.40 6.10865
35.41 6.10865
35.42 6.10865
35.43 6.10865
35.44 6.10865
35.45 6.10865
35.46 5.67232
35.47 6.10865
35.48 6.10865
35.49 5.67232
35.50 6.10865
35.51 5.67232
35.52 6.10865
35.53 5.67232
35.54 6.10865
35.55 5.67232
35.56 6.10865
35.57 5.67232
35.58 5.67232
35.59 6.10865
35.60 5.67232
35.61 5.67232
35.62 5.67232
35.63 6.10865
35.64 5.67232
35.65 5.67232
35.66 5.67232
35.67 5.67232
35.68 5.67232
35.69 5.67232
35.70 5.67232
35.71 6.10865
35.72 5.67232
35.73 5.23599
35.74 5.67232
35.75 5.67232
35.76 5.67232
35.77 5.67232
35.78 5.67232
35.79 5.67232
35.80 5.23599
35.81 5.67232
35.82 5.67232
35.83 5.67232
35.84 5.23599
35.85 5.67232
35.86 5.67232
35.87 5.23599
35.88 5.67232
35.89 5.23599
35.90 5.67232
35.91 5.23599
35.92 5.23599
35.93 5.67232
35.94 5.23599
35.95 5.23599
35.96 5.67232
35.97 5.23599
35.98 5.23599
35.99 5.23599
36.00 5.23599
36.01 5.23599
36.02 5.23599
36.03 4.79966
36.04 4.79966
36.05 5.23599
36.06 5.23599
36.07 5.23599
36.08 5.23599
36.09 5.23599
36.10 4.79966
36.11 5.23599
36.12 5.23599
36.13 4.79966
36.14 5.23599
36.15 4.79966
36.16 5.23599
36.17 4.79966
36.18 4.79966
36.19 5.23599
36.20 4.79966
36.21 4.79966
36.22 4.79966
36.23 4.79966
36.24 4.79966
36.25 4.79966
36.26 4.79966
36.27 4.79966
36.28 4.36332
36.29 4.79966
36.30 4.79966
36.31 4.79966
36.32 4.79966
36.33 4.36332
36.34 4.79966
36.35 4.36332
36.36 4.79966
36.37 4.36332
36.38 4.79966
36.39 4.36332
36.40 4.36332
36.41 4.36332
36.42 4.36332
36.43 4.79966
36.44 4.36332
36.45 4.36332
36.46 3.92699
36.47 4.36332
36.48 4.36332
36.49 4.36332
36.50 4.36332
36.51 3.92699
36.52 4.36332
36.53 3.92699
36.54 4.36332
36.55 3.92699
36.56 3.92699
36.57 4.36332
36.58 3.92699
36.59 3.92699
36.60 3.92699
36.61 3.92699
36.62 3.92699
36.63 3.92699
36.64 3.92699
36.65 3.92699
36.66 3.92699
36.67 3.92699
36.68 3.49066
36.69 3.92699
36.70 3.92699
36.71 3.49066
36.72 3.92699
36.73 3.92699
36.74 3.49066
36.75 3.49066
36.76 3.92699
36.77 3.49066
36.78 3.92699
36.79 3.49066
36.80 3.49066
36.81 3.49066
36.82 3.92699
36.83 3.49066
36.84 3.49066
36.85 3.49066
36.86 3.49066
36.87 3.49066
36.88 3.92699
36.89 3.49066
36.90 3.49066
36.91 3.49066
36.92 3.49066
36.93 3.49066
36.94 3.05433
36.95 3.49066
36.96 3.49066
36.97 3.49066
36.98 3.49066
36.99 3.49066
37.00 3.49066
37.01 3.05433
37.02 3.49066
37.03 3.49066
37.04 3.49066
37.05 3.49066
37.06 3.05433
37.07 3.49066
37.08 3.49066
37.09 3.05433
37.10 3.49066
37.11 3.49066
37.12 3.05433
37.13 3.49066
37.14 3.49066
37.15 3.05433
37.16 3.49066
37.17 3.05433
37.18 3.49066
37.19 3.05433
37.20 3.49066
37.21 3.05433
37.22 3.49066
37.23 3.05433
37.24 3.05433
37.25 3.49066
37.26 3.05433
37.27 3.49066
37.28 3.05433
37.29 3.05433
37.30 3.49066
37.31 3.05433
37.32 3.05433
37.33 3.49066
37.34 3.05433
37.35 3.05433
37.36 3.05433
37.37 3.05433
37.38 3.05433
37.39 3.05433
37.40 3.49066
37.41 3.05433
37.42 3.05433
37.43 3.05433
37.44 3.05433
37.45 3.05433
37.46 3.05433
37.47 2.61799
37.48 3.05433
37.49 3.05433
37.50 3.05433
37.51 3.05433
37.52 3.05433
37.53 2.61799
37.54 3.05433
37.55 3.05433
37.56 2.61799
37.57 3.05433
37.58 3.05433
37.59 2.61799
37.60 3.05433
37.61 2.61799
37.62 3.05433
37.63 2.61799
37.64 3.05433
37.65 2.61799
37.66 2.61799
37.67 3.05433
37.68 2.61799
37.69 2.61799
37.70 2.61799
37.71 3.05433
37.72 2.61799
37.73 2.61799
37.74 2.61799
37.75 2.61799
37.76 2.61799
37.77 2.61799
37.78 2.61799
37.79 2.61799
37.80 2.18166
37.81 2.61799
37.82 2.61799
37.83 2.61799
37.84 2.18166
37.85 2.61799
37.86 2.18166
37.87 2.61799
37.88 2.18166
37.89 2.61799
37.90 2.18166
37.91 2.61799
37.92 2.18166
37.93 2.18166
37.94 2.18166
37.95 2.61799
37.96 2.18166
37.97 2.18166
37.98 2.18166
37.99 2.18166
38.00 2.18166
38.01 2.18166
38.02 1.74533
38.03 2.18166
38.04 2.18166
38.05 2.18166
38.06 1.74533
38.07 2.18166
38.08 2.18166
38.09 1.74533
38.10 2.18166
38.11 1.74533
38.12 2.18166
38.13 1.74533
38.14 1.74533
38.15 2.18166
38.16 1.74533
38.17 1.74533
38.18 1.74533
38.19 1.74533
38.20 1.74533
38.21 1.74533
38.22 1.74533
38.23 1.74533
38.24 1.74533
38.25 1.74533
38.26 1.74533
38.27 1.74533
38.28 1.30900
38.29 1.74533
38.30 1.74533
38.31 1.30900
38.32 1.74533
38.33 1.30900
38.34 1.74533
38.35 1.30900
38.36 1.30900
38.37 1.74533
38.38 1.30900
38.39 1.30900
38.40 1.30900
38.41 1.30900
38.42 1.74533
38.43 1.30900
38.44 0.87266
38.45 1.30900
38.46 1.30900
38.47 1.30900
38.48 1.30900
38.49 0.87266
38.50 1.30900
38.51 1.30900
38.52 0.87266
38.53 1.30900
38.54 0.87266
38.55 1.30900
38.56 0.87266
38.57 0.87266
38.58 0.87266
38.59 1.30900
38.60 0.87266
38.61 0.87266
38.62 0.87266
38.63 0.87266
38.64 0.87266
38.65 0.87266
38.66 0.87266
38.67 0.43633
38.68 0.87266
38.69 0.87266
38.70 0.43633
38.71 0.87266
38.72 0.43633
38.73 0.87266
38.74 0.43633
38.75 0.87266
38.76 0.43633
38.77 0.43633
38.78 0.43633
38.79 0.43633
38.80 0.87266
38.81 0.43633
38.82 0.43633
38.83 0.43633
38.84 0.00000
38.85 0.43633
38.86 0.43633
38.87 0.43633
38.88 0.43633
38.89 0.00000
38.90 0.43633
38.91 0.00000
38.92 0.43633
38.93 0.00000
38.94 0.43633
38.95 0.00000
38.96 0.00000
38.97 0.43633
38.98 0.00000
38.99 0.00000
39.00 0.00000
39.01 0.00000
39.02 0.00000
39.03 0.00000
39.04 0.00000
39.05 0.00000
39.06 0.00000
39.07 0.00000
39.08 0.00000
39.09 -0.43633
39.10 0.00000
39.11 0.00000
39.12 0.00000
39.13 0.00000
39.14 0.00000
39.15 -0.43633
39.16 0.00000
39.17 0.00000
39.18 0.00000
39.19 0.00000
39.20 -0.43633
39.21 0.00000
39.22 0.00000
39.23 0.00000
39.24 0.00000
39.25 -0.43633
39.26 0.00000
39.27 0.00000
39.28 0.00000
39.29 0.00000
39.30 0.00000
39.31 -0.43633
39.32 0.00000
39.33 0.00000
39.34 0.00000
39.35 0.00000
39.36 0.00000
39.37 -0.43633
39.38 0.00000
39.39 0.00000
39.40 0.00000
39.41 0.00000
39.42 0.00000
39.43 0.00000
39.44 -0.43633
39.45 0.00000
39.46 0.00000
39.47 0.00000
39.48 0.00000
39.49 -0.43633
39.50 0.00000
39.51 0.00000
39.52 0.00000
39.53 0.00000
39.54 -0.43633
39.55 0.00000
39.56 0.00000
39.57 0.00000
39.58 -0.43633
39.59 0.00000
39.60 0.00000
39.61 0.00000
39.62 -0.43633
39.63 0.00000
39.64 0.00000
39.65 -0.43633
39.66 0.00000
39.67 0.00000
39.68 0.00000
39.69 -0.43633
39.70 0.00000
39.71 0.00000
39.72 -0.43633
39.73 0.00000
39.74 0.00000
39.75 -0.43633
39.76 0.00000
39.77 0.00000
39.78 -0.43633
39.79 0.00000
39.80 -0.43633
39.81 0.00000
39.82 0.00000
39.83 -0.43633
39.84 0.00000
39.85 0.00000
39.86 -0.43633
39.87 0.00000
39.88 -0.43633
39.89 0.00000
39.90 -0.43633
39.91 0.00000
39.92 0.00000
39.93 -0.43633
39.94 0.00000
39.95 -0.43633
39.96 0.00000
39.97 0.00000
39.98 -0.43633
39.99 0.00000
40.00 -0.43633